0 0.016016 0.478472 0.016406 0.045833
0 0.033984 0.606250 0.032031 0.084722
0 0.059375 0.513194 0.031250 0.065278
0 0.134375 0.577083 0.029687 0.068056
0 0.065625 0.750694 0.065625 0.120833
0 0.221094 0.570139 0.031250 0.070833
0 0.197656 0.422917 0.017188 0.034722
0 0.117578 0.169444 0.010156 0.025000
0 0.151562 0.173611 0.012500 0.027778
0 0.430469 0.271528 0.014062 0.029167
0 0.253125 0.486806 0.028125 0.062500
0 0.304297 0.652083 0.038281 0.090278
0 0.336719 0.354861 0.014062 0.026389
0 0.410547 0.340278 0.014844 0.033333
0 0.338281 0.532639 0.026563 0.059722
0 0.378516 0.496528 0.014844 0.037500
0 0.384375 0.568750 0.023438 0.051389
0 0.447656 0.602083 0.031250 0.081944
0 0.492969 0.611111 0.025000 0.072222
0 0.644531 0.733333 0.043750 0.127778
0 0.560547 0.580556 0.021094 0.055556
0 0.485938 0.538194 0.014062 0.045833
0 0.565625 0.368056 0.020312 0.041667
0 0.606250 0.500000 0.014062 0.033333
0 0.601953 0.561806 0.024219 0.056944
0 0.623828 0.558333 0.019531 0.052778
0 0.565234 0.885417 0.052344 0.148611
0 0.563672 0.944444 0.067969 0.105556
0 0.716797 0.706250 0.024219 0.093056
0 0.741797 0.699306 0.028906 0.059722
0 0.612891 0.477083 0.013281 0.029167
0 0.635547 0.470833 0.014844 0.033333
0 0.676562 0.505556 0.014062 0.036111
0 0.691797 0.500000 0.013281 0.033333
0 0.743750 0.384028 0.012500 0.023611
0 0.791797 0.388194 0.014844 0.031944
0 0.722656 0.525000 0.018750 0.041667
0 0.753516 0.627083 0.027344 0.081944
0 0.773828 0.612500 0.022656 0.058333
0 0.794141 0.606944 0.025781 0.075000
0 0.745313 0.526389 0.015625 0.038889
0 0.729297 0.468056 0.014844 0.030556
0 0.774219 0.528472 0.020312 0.045833
0 0.794531 0.529861 0.015625 0.037500
0 0.866016 0.563194 0.021094 0.048611
0 0.891797 0.576389 0.021094 0.041667
0 0.814844 0.509722 0.017188 0.038889
0 0.896094 0.509028 0.015625 0.037500
0 0.941016 0.533333 0.017969 0.044444
0 0.921875 0.552083 0.020312 0.040278
