0 0.132812 0.301389 0.020312 0.030556
0 0.175000 0.343056 0.014062 0.016667
0 0.200781 0.340972 0.017188 0.029167
0 0.220313 0.306944 0.014062 0.030556
0 0.205469 0.288889 0.015625 0.033333
0 0.254687 0.359028 0.017188 0.034722
0 0.320703 0.326389 0.030469 0.061111
0 0.403125 0.288194 0.015625 0.029167
0 0.434375 0.309028 0.015625 0.034722
0 0.435547 0.353472 0.021094 0.031944
0 0.496875 0.297917 0.018750 0.034722
0 0.508203 0.347917 0.019531 0.040278
0 0.557422 0.398611 0.017969 0.038889
0 0.575781 0.307639 0.021875 0.029167
0 0.589844 0.333333 0.020312 0.038889
0 0.619922 0.325000 0.019531 0.027778
0 0.655078 0.395139 0.022656 0.051389
0 0.772266 0.338194 0.017969 0.045833
0 0.806250 0.404861 0.018750 0.045833
0 0.896094 0.361806 0.029687 0.056944
0 0.913281 0.477083 0.032812 0.045833
0 0.961719 0.320833 0.023438 0.041667
0 0.739062 0.349306 0.028125 0.040278
