0 0.026563 0.625694 0.053125 0.123611
0 0.017969 0.708333 0.035937 0.130556
0 0.083203 0.863889 0.078906 0.116667
0 0.075781 0.404167 0.071875 0.136111
0 0.085547 0.547917 0.039844 0.115278
0 0.131641 0.609722 0.083594 0.130556
0 0.032812 0.316667 0.062500 0.122222
0 0.109766 0.260417 0.057031 0.101389
0 0.130469 0.082639 0.054688 0.087500
0 0.180469 0.103472 0.062500 0.081944
0 0.145313 0.187500 0.045313 0.075000
0 0.190234 0.227778 0.064844 0.105556
0 0.276953 0.203472 0.063281 0.112500
0 0.258594 0.425000 0.071875 0.086111
0 0.260938 0.570139 0.084375 0.118056
0 0.261719 0.758333 0.096875 0.138889
0 0.338281 0.847917 0.089062 0.123611
0 0.330859 0.677778 0.066406 0.072222
0 0.385938 0.568750 0.084375 0.118056
0 0.434766 0.708333 0.116406 0.102778
0 0.491016 0.868750 0.114844 0.087500
0 0.351953 0.261111 0.066406 0.094444
0 0.362500 0.126389 0.059375 0.086111
0 0.302344 0.036111 0.046875 0.058333
0 0.408984 0.148611 0.036719 0.058333
0 0.458594 0.109722 0.060938 0.077778
0 0.471094 0.047222 0.057813 0.052778
0 0.514844 0.134722 0.050000 0.075000
0 0.485156 0.229167 0.067188 0.091667
0 0.405469 0.393056 0.029687 0.125000
0 0.465234 0.393750 0.069531 0.109722
0 0.515234 0.340972 0.049219 0.090278
0 0.526172 0.511111 0.091406 0.152778
0 0.621875 0.643750 0.090625 0.129167
0 0.628906 0.865972 0.112500 0.084722
0 0.593750 0.196528 0.062500 0.095833
0 0.535156 0.042361 0.046875 0.073611
0 0.594141 0.065972 0.032031 0.048611
0 0.668359 0.049306 0.055469 0.087500
0 0.673047 0.278472 0.078906 0.101389
0 0.749219 0.175000 0.067188 0.105556
0 0.748438 0.338889 0.046875 0.055556
0 0.771875 0.438889 0.084375 0.144444
0 0.820312 0.641667 0.109375 0.191667
0 0.952734 0.471528 0.080469 0.134722
0 0.953516 0.354861 0.086719 0.084722
0 0.900000 0.343056 0.046875 0.113889
0 0.903125 0.266667 0.078125 0.077778
0 0.976562 0.267361 0.046875 0.081944
0 0.902344 0.151389 0.065625 0.075000
0 0.967578 0.100694 0.053906 0.079167
