0 0.079297 0.605556 0.038281 0.080556
0 0.050000 0.483333 0.034375 0.061111
0 0.068359 0.432639 0.039844 0.079167
0 0.181641 0.299306 0.038281 0.087500
0 0.264844 0.263889 0.043750 0.075000
0 0.349609 0.232639 0.046094 0.095833
0 0.206250 0.545139 0.037500 0.079167
0 0.342578 0.533333 0.036719 0.061111
0 0.453516 0.115278 0.042969 0.077778
0 0.467578 0.227083 0.050781 0.076389
0 0.433203 0.504861 0.041406 0.065278
0 0.598828 0.247917 0.038281 0.076389
0 0.620703 0.144444 0.035156 0.077778
0 0.734375 0.113194 0.043750 0.084722
0 0.693750 0.258333 0.037500 0.055556
0 0.730859 0.270833 0.039844 0.075000
0 0.813672 0.245833 0.044531 0.083333
0 0.850391 0.286806 0.039844 0.073611
0 0.932813 0.173611 0.050000 0.077778
0 0.745313 0.451389 0.043750 0.083333
0 0.653906 0.661806 0.037500 0.070833
0 0.539062 0.621528 0.040625 0.076389
0 0.486328 0.963194 0.039844 0.062500
0 0.390625 0.965972 0.040625 0.062500
