0 0.073828 0.805556 0.036719 0.069444
0 0.071875 0.736111 0.032812 0.050000
0 0.074219 0.565972 0.032812 0.068056
0 0.064844 0.493750 0.035937 0.068056
0 0.049609 0.453472 0.028906 0.051389
0 0.012109 0.450000 0.024219 0.072222
0 0.026563 0.272222 0.029687 0.052778
0 0.035937 0.188889 0.029687 0.061111
0 0.009375 0.132639 0.018750 0.048611
0 0.019141 0.060417 0.027344 0.045833
0 0.005859 0.036806 0.000781 0.001389
0 0.072656 0.077083 0.026563 0.043056
0 0.094531 0.027778 0.029687 0.044444
0 0.110547 0.047917 0.000781 0.001389
0 0.126563 0.072917 0.029687 0.059722
0 0.157422 0.029861 0.024219 0.051389
0 0.162891 0.065278 0.027344 0.052778
0 0.083594 0.244444 0.029687 0.052778
0 0.125000 0.269444 0.028125 0.063889
0 0.159766 0.186111 0.028906 0.052778
0 0.132422 0.395833 0.028906 0.050000
0 0.163672 0.404861 0.033594 0.065278
0 0.139844 0.443750 0.037500 0.062500
0 0.161328 0.507639 0.030469 0.059722
0 0.209766 0.538194 0.038281 0.090278
0 0.193359 0.664583 0.032031 0.065278
0 0.184375 0.749306 0.043750 0.068056
0 0.118359 0.893750 0.039844 0.079167
0 0.158203 0.961806 0.046094 0.068056
0 0.200391 0.793750 0.039844 0.081944
0 0.242188 0.859722 0.039062 0.077778
0 0.241016 0.464583 0.024219 0.065278
0 0.269531 0.492361 0.032812 0.065278
0 0.263672 0.396528 0.032031 0.059722
0 0.267578 0.329861 0.028906 0.054167
0 0.248437 0.228472 0.026563 0.051389
0 0.214062 0.104861 0.026563 0.054167
0 0.273828 0.056250 0.021094 0.056944
0 0.253516 0.138194 0.025781 0.043056
0 0.308984 0.684722 0.033594 0.086111
0 0.300000 0.859722 0.032812 0.094444
0 0.370703 0.847917 0.036719 0.076389
0 0.421094 0.927778 0.045313 0.091667
0 0.377734 0.724306 0.042969 0.087500
0 0.364453 0.577778 0.032031 0.077778
0 0.335938 0.505556 0.046875 0.072222
0 0.337891 0.248611 0.024219 0.041667
0 0.354297 0.084028 0.030469 0.065278
0 0.355469 0.020833 0.031250 0.041667
0 0.398828 0.274306 0.032031 0.070833
0 0.383984 0.427778 0.032031 0.069444
0 0.403516 0.550000 0.033594 0.069444
0 0.412891 0.628472 0.041406 0.084722
0 0.483594 0.827083 0.043750 0.084722
0 0.448828 0.740972 0.032031 0.090278
0 0.450000 0.475000 0.032812 0.072222
0 0.480859 0.293056 0.032031 0.058333
0 0.452344 0.160417 0.032812 0.068056
0 0.433984 0.042361 0.000781 0.001389
0 0.447656 0.036111 0.028125 0.044444
0 0.455859 0.081944 0.030469 0.066667
0 0.508203 0.030556 0.027344 0.050000
0 0.535156 0.089583 0.028125 0.054167
0 0.525000 0.386111 0.034375 0.083333
0 0.541797 0.516667 0.042969 0.069444
0 0.567969 0.456944 0.035937 0.069444
0 0.550000 0.648611 0.037500 0.072222
0 0.545313 0.025000 0.023438 0.044444
0 0.606641 0.036806 0.025781 0.054167
0 0.540625 0.169444 0.029687 0.061111
0 0.559375 0.230556 0.029687 0.058333
0 0.595312 0.326389 0.031250 0.063889
0 0.631641 0.448611 0.027344 0.058333
0 0.622266 0.533333 0.030469 0.075000
0 0.641797 0.681250 0.033594 0.073611
0 0.614453 0.747222 0.038281 0.063889
0 0.641797 0.806250 0.041406 0.101389
0 0.529688 0.906250 0.042188 0.056944
0 0.673047 0.525000 0.038281 0.088889
0 0.677344 0.475000 0.035937 0.055556
0 0.680469 0.343056 0.031250 0.072222
0 0.675391 0.254167 0.028906 0.058333
0 0.720312 0.895833 0.059375 0.097222
0 0.631250 0.202778 0.023438 0.055556
0 0.621094 0.056250 0.001563 0.001389
0 0.638281 0.085417 0.032812 0.059722
0 0.659766 0.026389 0.030469 0.052778
0 0.721484 0.061111 0.032031 0.061111
0 0.752344 0.106944 0.029687 0.044444
0 0.761719 0.156944 0.031250 0.061111
0 0.791406 0.236111 0.034375 0.047222
0 0.767187 0.302778 0.025000 0.055556
0 0.757031 0.385417 0.035937 0.062500
0 0.798437 0.790972 0.048437 0.106944
0 0.829687 0.753472 0.040625 0.087500
0 0.854297 0.611806 0.036719 0.065278
0 0.822656 0.604167 0.031250 0.030556
0 0.809766 0.360417 0.032031 0.062500
0 0.812109 0.429167 0.035156 0.077778
0 0.878516 0.512500 0.036719 0.086111
0 0.918359 0.872917 0.046094 0.090278
0 0.948047 0.786806 0.044531 0.087500
0 0.883984 0.397222 0.033594 0.061111
0 0.823047 0.177083 0.032031 0.048611
0 0.852344 0.145833 0.025000 0.063889
0 0.867969 0.264583 0.026563 0.068056
0 0.872266 0.037500 0.032031 0.052778
0 0.956641 0.079167 0.032031 0.072222
0 0.962500 0.158333 0.029687 0.066667
0 0.944531 0.204167 0.035937 0.066667
0 0.922266 0.229167 0.035156 0.063889
0 0.957812 0.288194 0.040625 0.070833
0 0.944531 0.437500 0.040625 0.080556
0 0.960547 0.681250 0.039844 0.093056
