0 0.053516 0.412500 0.038281 0.091667
0 0.009766 0.341667 0.019531 0.055556
0 0.037500 0.190972 0.021875 0.070833
0 0.078906 0.356944 0.035937 0.080556
0 0.085938 0.170139 0.028125 0.062500
0 0.140234 0.140972 0.038281 0.073611
0 0.177344 0.109722 0.032812 0.063889
0 0.188281 0.188889 0.035937 0.069444
0 0.201172 0.393056 0.041406 0.102778
0 0.137500 0.450694 0.064062 0.106944
0 0.264062 0.538889 0.053125 0.119444
0 0.320703 0.494444 0.052344 0.113889
0 0.281641 0.195139 0.030469 0.070833
0 0.323047 0.202083 0.033594 0.062500
0 0.298438 0.390972 0.029687 0.073611
0 0.396875 0.430556 0.042188 0.091667
0 0.498047 0.527083 0.058594 0.143056
0 0.543750 0.110417 0.032812 0.068056
0 0.577344 0.134028 0.028125 0.065278
0 0.608594 0.215972 0.037500 0.087500
0 0.644531 0.192361 0.034375 0.076389
0 0.548437 0.412500 0.032812 0.075000
0 0.597656 0.386806 0.035937 0.090278
0 0.667969 0.415278 0.046875 0.102778
0 0.709766 0.520833 0.058594 0.116667
0 0.677734 0.112500 0.032031 0.072222
0 0.711719 0.088889 0.020312 0.072222
0 0.740625 0.229167 0.037500 0.086111
0 0.800000 0.113194 0.034375 0.079167
0 0.818359 0.216667 0.042969 0.094444
0 0.832031 0.414583 0.046875 0.101389
0 0.881641 0.560417 0.052344 0.131944
0 0.982813 0.504861 0.034375 0.090278
0 0.864844 0.124306 0.025000 0.059722
0 0.908984 0.148611 0.030469 0.063889
0 0.978516 0.168750 0.030469 0.073611
