0 0.109766 0.431944 0.039844 0.055556
0 0.055859 0.286111 0.024219 0.038889
0 0.129688 0.317361 0.028125 0.051389
0 0.148438 0.253472 0.018750 0.040278
0 0.185156 0.280556 0.021875 0.041667
0 0.203516 0.258333 0.016406 0.030556
0 0.230469 0.324306 0.029687 0.056944
0 0.127344 0.780556 0.035937 0.172222
0 0.287891 0.489583 0.035156 0.034722
0 0.263281 0.286111 0.020312 0.050000
0 0.255859 0.265972 0.005469 0.009722
0 0.255469 0.395833 0.023438 0.041667
0 0.353516 0.344444 0.024219 0.044444
0 0.392188 0.294444 0.028125 0.041667
0 0.342578 0.610417 0.036719 0.104167
0 0.454297 0.399306 0.002344 0.001389
0 0.437891 0.290972 0.019531 0.040278
0 0.420312 0.250694 0.015625 0.029167
0 0.472266 0.257639 0.016406 0.034722
0 0.475781 0.307639 0.028125 0.037500
0 0.444531 0.373611 0.028125 0.044444
0 0.499609 0.397222 0.035156 0.080556
0 0.522656 0.346528 0.021875 0.045833
0 0.574609 0.365278 0.028906 0.061111
0 0.885938 0.562500 0.060938 0.138889
0 0.936719 0.277083 0.026563 0.037500
0 0.973047 0.295833 0.028906 0.050000
0 0.916406 0.245833 0.014062 0.025000
0 0.884766 0.254167 0.017969 0.041667
0 0.807813 0.231250 0.018750 0.037500
0 0.740234 0.388889 0.025781 0.091667
0 0.787891 0.325000 0.035156 0.063889
0 0.649609 0.331250 0.021094 0.045833
0 0.730078 0.269444 0.017969 0.033333
0 0.711719 0.242361 0.014062 0.031944
0 0.642969 0.256944 0.012500 0.027778
0 0.614453 0.274306 0.021094 0.040278
0 0.619531 0.305556 0.017188 0.047222
