0 0.019922 0.420139 0.039844 0.084722
0 0.089062 0.462500 0.028125 0.061111
0 0.096875 0.399306 0.025000 0.068056
0 0.138672 0.559722 0.038281 0.097222
0 0.188281 0.587500 0.046875 0.083333
0 0.251172 0.642361 0.072656 0.181944
0 0.325781 0.658333 0.054688 0.158333
0 0.214844 0.503472 0.032812 0.084722
0 0.204688 0.446528 0.031250 0.068056
0 0.284375 0.408333 0.020312 0.052778
0 0.301953 0.434028 0.017969 0.048611
0 0.371875 0.422222 0.025000 0.066667
0 0.401172 0.392361 0.025781 0.048611
0 0.405078 0.455556 0.036719 0.086111
0 0.434766 0.444444 0.028906 0.075000
0 0.493750 0.577083 0.045313 0.140278
0 0.432422 0.603472 0.042969 0.084722
0 0.480469 0.453472 0.020312 0.054167
0 0.569531 0.486111 0.045313 0.119444
0 0.600781 0.434028 0.025000 0.068056
0 0.646094 0.655556 0.078125 0.194444
0 0.644922 0.394444 0.019531 0.044444
0 0.721094 0.477778 0.029687 0.066667
0 0.778516 0.509028 0.041406 0.093056
0 0.809375 0.502778 0.028125 0.066667
0 0.832422 0.469444 0.030469 0.066667
0 0.876953 0.659028 0.078906 0.170833
0 0.960156 0.624306 0.051562 0.129167
0 0.910156 0.446528 0.018750 0.043056
0 0.700391 0.432639 0.016406 0.045833
0 0.676172 0.421528 0.014844 0.034722
