0 0.019922 0.377778 0.036719 0.066667
0 0.086719 0.125694 0.025000 0.056944
0 0.060547 0.058333 0.027344 0.061111
0 0.097266 0.032639 0.025781 0.048611
0 0.193359 0.115278 0.032031 0.083333
0 0.121094 0.311111 0.034375 0.061111
0 0.135547 0.405556 0.033594 0.058333
0 0.265625 0.378472 0.031250 0.068056
0 0.230859 0.043750 0.024219 0.051389
0 0.202344 0.010417 0.017188 0.015278
0 0.318750 0.054861 0.021875 0.043056
0 0.302344 0.096528 0.031250 0.065278
0 0.378125 0.260417 0.045313 0.090278
0 0.475000 0.329167 0.043750 0.086111
0 0.476953 0.184722 0.032031 0.075000
0 0.551953 0.230556 0.032031 0.069444
0 0.573047 0.109722 0.019531 0.036111
0 0.641797 0.145139 0.024219 0.051389
0 0.639844 0.249306 0.032812 0.073611
0 0.592188 0.380556 0.031250 0.108333
0 0.604688 0.840972 0.032812 0.118056
0 0.669922 0.631250 0.027344 0.148611
0 0.745703 0.512500 0.047656 0.147222
0 0.732422 0.310417 0.038281 0.087500
0 0.857031 0.370139 0.042188 0.095833
