0 0.180469 0.516667 0.017188 0.033333
0 0.232422 0.516667 0.016406 0.044444
0 0.264453 0.529861 0.019531 0.026389
0 0.383203 0.500694 0.021094 0.040278
0 0.307031 0.506944 0.023438 0.033333
0 0.538672 0.533333 0.019531 0.036111
0 0.619141 0.520139 0.019531 0.029167
0 0.698438 0.503472 0.018750 0.034722
0 0.852344 0.484028 0.023438 0.048611
0 0.781641 0.513889 0.011719 0.038889
0 0.747266 0.507639 0.017969 0.048611
0 0.890625 0.496528 0.010937 0.026389
0 0.918359 0.504861 0.017969 0.037500
0 0.953516 0.500694 0.019531 0.040278
