0 0.125391 0.450694 0.032031 0.068056
0 0.139062 0.679861 0.035937 0.070833
0 0.178125 0.488889 0.026563 0.052778
0 0.179688 0.400000 0.025000 0.055556
0 0.241016 0.469444 0.024219 0.055556
0 0.264062 0.360417 0.023438 0.048611
0 0.275781 0.664583 0.031250 0.065278
0 0.308984 0.634722 0.024219 0.055556
0 0.341016 0.712500 0.032031 0.050000
0 0.327734 0.425000 0.024219 0.044444
0 0.350781 0.484722 0.025000 0.044444
0 0.349219 0.404167 0.020312 0.038889
0 0.382031 0.436111 0.025000 0.052778
0 0.416406 0.655556 0.026563 0.061111
0 0.451172 0.631944 0.032031 0.052778
0 0.473437 0.687500 0.028125 0.050000
0 0.481641 0.414583 0.022656 0.051389
0 0.526172 0.402083 0.025781 0.045833
0 0.553125 0.456250 0.025000 0.048611
0 0.581250 0.416667 0.025000 0.038889
0 0.627344 0.463889 0.026563 0.038889
0 0.650000 0.417361 0.028125 0.054167
0 0.698438 0.434028 0.026563 0.051389
0 0.770312 0.494444 0.028125 0.050000
0 0.887109 0.443056 0.030469 0.058333
0 0.754297 0.660417 0.030469 0.051389
0 0.674219 0.670833 0.026563 0.052778
0 0.568359 0.694444 0.027344 0.061111
