0 0.072656 0.418056 0.062500 0.163889
0 0.131641 0.415278 0.058594 0.127778
0 0.244141 0.471528 0.055469 0.156944
0 0.294922 0.289583 0.058594 0.129167
0 0.355469 0.509722 0.054688 0.122222
0 0.398047 0.378472 0.050781 0.098611
0 0.445703 0.438889 0.055469 0.144444
0 0.528125 0.494444 0.054688 0.122222
0 0.541016 0.338889 0.058594 0.136111
0 0.664453 0.334028 0.055469 0.137500
0 0.668750 0.522222 0.059375 0.138889
0 0.730078 0.459028 0.063281 0.137500
0 0.813281 0.560417 0.064062 0.140278
0 0.786719 0.357639 0.056250 0.137500
0 0.857422 0.439583 0.052344 0.134722
0 0.948828 0.485417 0.060156 0.134722
