0 0.016797 0.409722 0.032031 0.083333
0 0.068359 0.469444 0.050781 0.105556
0 0.045703 0.561111 0.041406 0.091667
0 0.129297 0.553472 0.053906 0.070833
0 0.143750 0.712500 0.079687 0.147222
0 0.257031 0.650000 0.050000 0.088889
0 0.361328 0.797222 0.064844 0.127778
0 0.356641 0.650000 0.064844 0.144444
0 0.397656 0.467361 0.045313 0.084722
0 0.392578 0.382639 0.046094 0.059722
0 0.433594 0.373611 0.031250 0.094444
0 0.444531 0.278472 0.034375 0.073611
0 0.358594 0.279861 0.018750 0.059722
0 0.458984 0.569444 0.057031 0.105556
0 0.499219 0.536806 0.028125 0.079167
0 0.608594 0.704167 0.053125 0.113889
0 0.716797 0.846528 0.074219 0.156944
0 0.589063 0.536806 0.035937 0.087500
0 0.537891 0.444444 0.042969 0.066667
0 0.577734 0.438889 0.044531 0.077778
0 0.567187 0.352083 0.031250 0.034722
0 0.543750 0.340278 0.025000 0.075000
0 0.621484 0.322222 0.030469 0.058333
0 0.644531 0.379167 0.046875 0.080556
0 0.669141 0.459722 0.039844 0.080556
0 0.752344 0.602778 0.048437 0.147222
0 0.706641 0.370139 0.025781 0.079167
0 0.740234 0.400694 0.036719 0.073611
0 0.775391 0.438889 0.032031 0.069444
0 0.833203 0.492361 0.046094 0.079167
0 0.923047 0.467361 0.041406 0.093056
0 0.964453 0.839583 0.067969 0.137500
0 0.768359 0.313194 0.042969 0.076389
0 0.844531 0.355556 0.032812 0.069444
0 0.882031 0.378472 0.040625 0.079167
0 0.894531 0.336806 0.029687 0.068056
0 0.820703 0.309028 0.030469 0.056944
0 0.862109 0.274306 0.036719 0.062500
