0 0.023047 0.463889 0.042969 0.086111
0 0.100000 0.503472 0.056250 0.109722
0 0.126953 0.714583 0.074219 0.137500
0 0.232031 0.549306 0.076563 0.154167
0 0.298438 0.450694 0.053125 0.118056
0 0.255078 0.334028 0.046094 0.084722
0 0.420703 0.539583 0.066406 0.129167
0 0.397266 0.422917 0.049219 0.093056
0 0.508594 0.632639 0.093750 0.173611
0 0.496094 0.407639 0.057813 0.101389
0 0.454688 0.295833 0.045313 0.086111
0 0.559766 0.213889 0.046094 0.088889
0 0.687109 0.235417 0.053906 0.087500
0 0.816406 0.250694 0.060938 0.098611
0 0.975391 0.352778 0.049219 0.127778
0 0.744531 0.389583 0.059375 0.084722
0 0.821484 0.536806 0.088281 0.204167
