0 0.034375 0.536111 0.040625 0.061111
0 0.125000 0.474306 0.026563 0.054167
0 0.261719 0.564583 0.026563 0.073611
0 0.273828 0.521528 0.032031 0.084722
0 0.226562 0.434028 0.037500 0.043056
0 0.319141 0.370833 0.017969 0.044444
0 0.371484 0.395833 0.019531 0.041667
0 0.425000 0.425000 0.034375 0.069444
0 0.461719 0.518056 0.031250 0.061111
0 0.476172 0.368056 0.022656 0.047222
0 0.593750 0.360417 0.018750 0.023611
0 0.640234 0.406250 0.027344 0.054167
0 0.675781 0.328472 0.018750 0.040278
0 0.712500 0.418056 0.018750 0.052778
0 0.751562 0.523611 0.028125 0.102778
0 0.858203 0.431250 0.025781 0.062500
0 0.785547 0.428472 0.017969 0.062500
