0 0.049609 0.331250 0.067969 0.151389
0 0.025391 0.175694 0.050781 0.098611
0 0.173828 0.238889 0.042969 0.113889
0 0.232812 0.461111 0.070312 0.108333
0 0.160156 0.707639 0.142188 0.206944
0 0.237891 0.955556 0.130469 0.083333
0 0.408203 0.662500 0.122656 0.208333
0 0.603906 0.887500 0.125000 0.219444
0 0.772266 0.639583 0.107031 0.168056
0 0.896875 0.603472 0.151562 0.229167
0 0.729297 0.335417 0.075781 0.120833
0 0.617578 0.385417 0.097656 0.173611
0 0.932813 0.181944 0.057813 0.091667
0 0.901563 0.318750 0.075000 0.101389
0 0.335938 0.225000 0.062500 0.105556
0 0.336719 0.110417 0.053125 0.068056
0 0.600781 0.191667 0.054688 0.077778
0 0.662891 0.153472 0.067969 0.093056
0 0.498437 0.160417 0.046875 0.090278
0 0.823047 0.161806 0.049219 0.095833
0 0.796484 0.063194 0.057031 0.087500
0 0.397266 0.463194 0.080469 0.120833
0 0.288281 0.679861 0.095312 0.181944
