0 0.106250 0.468056 0.046875 0.102778
0 0.010547 0.332639 0.021094 0.087500
0 0.076172 0.303472 0.027344 0.087500
0 0.182812 0.401389 0.043750 0.088889
0 0.146484 0.327778 0.035156 0.072222
0 0.275000 0.553472 0.043750 0.076389
0 0.299219 0.389583 0.035937 0.076389
0 0.453125 0.291667 0.034375 0.061111
0 0.412500 0.333333 0.025000 0.055556
0 0.520703 0.400694 0.024219 0.048611
0 0.619531 0.357639 0.028125 0.056944
0 0.312500 0.279861 0.018750 0.043056
0 0.510938 0.299306 0.026563 0.059722
0 0.728516 0.307639 0.024219 0.051389
0 0.604688 0.306250 0.018750 0.045833
0 0.557422 0.280556 0.019531 0.050000
0 0.540234 0.281250 0.016406 0.054167
0 0.686719 0.296528 0.021875 0.045833
0 0.696094 0.272917 0.021875 0.029167
0 0.608594 0.246528 0.020312 0.043056
0 0.803906 0.298611 0.020312 0.041667
0 0.791797 0.250694 0.021094 0.040278
0 0.849219 0.314583 0.018750 0.040278
0 0.962109 0.307639 0.013281 0.037500
